CVM_Vel_a = [158.03578	134.91233	133.08561	133.10163	180.44354	169.53763	337.91086	173.7679	177.59941	176.0162	169.58903	183.18707	219.77009	208.41986	224.20693	186.21095	215.55847	197.86982	232.33588	228.36459	209.34129	221.71729	216.63263	223.08658	235.74992	223.8897	154.8468	234.80839	220.11389	169.76714	138.26009	162.14165	182.84957	230.42338	189.47266	187.76143	187.0445	86.216188	106.13737	86.694993	95.956626	108.22027	154.13453	165.90424	169.07917	95.73422	118.6753	204.11416	209.64446	180.48282	205.83915	223.04792	242.81405	262.35664	249.68789	246.5277	205.23623	222.9751	98.800309	102.68527	104.33124	105.98729	103.67177	115.11434	124.43204	99.528779	113.91885	107.60777	214.53951	202.72165	257.72784	221.11866	323.49933	191.66673	173.24954	272.76146	187.47752	182.19448	222.69567	127.76359	117.71137	167.15793	113.84658	136.33874	147.70206	153.20889	140.21167	137.9926	110.90957	162.65211	130.65119	108.27943	180.35301	183.1137	192.56298	105.91728	146.80491	310.2412	317.4678	306.6148	307.4719	335.8293	362.4105	321.2786	301.2108	347.6513	323.3529																																																																						 ];
CVM_mag_a = [13.52202	13.503856	12.828802	14.611981	10.656364	12.608821	13.583514	12.962378	13.034717	18.081684	18.099827	18.410723	18.616195	17.575764	18.819227	16.859269	15.232404	17.711887	16.875107	16.152977	16.100384	14.006125	14.179986	16.901928	15.998672	15.56145	18.161267	21.460384	17.634739	14.432367	16.332197	22.89731	15.947533	21.276045	20.43569	19.404161	18.798169	5.7149408	7.1871213	5.3123008	7.269192	6.7396414	9.0382852	7.7555048	7.0169818	6.7569181	6.976765	12.906334	14.843891	14.114872	15.190341	15.190335	17.206972	11.403072	11.919303	10.910328	14.956427	13.864187	16.19908	19.00989	17.880406	18.92104	17.543369	14.472954	22.297168	14.528556	19.561166	18.25013	14.860258	18.351458	19.870208	15.421099	16.582692	19.154715	27.353302	40.975992	10.060654	43.739432	22.636981	28.198198	24.242956	32.370069	26.72613	35.203856	18.820274	24.527544	29.473803	27.44535	16.640815	13.689842	4.6591796	13.184672	21.387803	13.419773	14.747531	14.055635	13.973156	27.13122	29.72743	23.34165	16.36315	14.04574	14.0201	12.05222	10.50004	12.56863	18.6399 ];

CVM_Vel_b = [121.09157	110.10152	110.69354	178.18199	99.147583	185.13633	158.18024	256.48332	195.6198	157.18177	123.66992	162.32873	104.00964	160.00759	115.77179	124.10055	138.95556	112.04796	126.8152	129.74522	132.96425	151.18937	146.40724	266.11833	141.72459	183.32708	171.8182	157.17553	205.37046	245.49701	180.1592	104.90272	114.52303	110.53374	120.99512	153.56074	165.81241	149.31067	121.83008	110.24779	140.09478	129.18111	45.976049	51.250606	63.503422	70.402395	68.537315	61.371215	60.1735	134.21733	154.70116	156.07117	118.81715	184.99377	151.04672	165.18701	204.58508	167.65227	159.69685	121.68235	85.233333	65.081258	59.181257	50.899773	107.97417	114.10871	117.33339	90.18678	137.82273	150.58575	158.68179	133.64235	149.7071	90.81961	125.79883	122.90661	111.6292	110.58265	396.6628	142.45808	180.16599	136.40213	282.97796	195.34666	238.8137	249.4723	315.3176	314.7515	321.055																																																																																										 ];
CVM_mag_b = [7.9307666	9.3842134	3.7473756	9.1416744	6.0990257	11.027351	7.2514427	14.327631	15.20333	9.3458679	10.529588	8.2600696	10.033187	9.9772637	4.5106122	7.9273255	9.0992582	7.7347795	14.253207	9.1472545	11.070203	9.3224723	6.1525957	10.494986	8.6623139	11.862605	10.317546	8.7792089	8.338229	11.858719	9.685888	11.404826	12.35026	9.2682699	14.019029	12.458224	13.622414	11.534497	13.559293	6.6916453	8.0118758	11.292033	3.2447243	3.0932964	4.7131372	5.3053502	2.5940928	2.8549642	3.536221	7.2699169	7.899676	6.7012841	9.6007143	6.5720282	9.6368401	8.0728618	8.0198131	7.9216235	7.9660842	8.0398853	16.83099	10.063987	9.6878214	8.3165782	5.2145207	21.01845	7.0443971	10.777079	7.849181	3.7994118	6.923871	5.9247631	9.6493058	13.900664	21.123654	24.958223	15.49856	7.5086855	10.702168	6.5806318	15.650258	11.800295	5.9417052	9.5213009	11.26108	14.38339	12.10301	29.43383	15.62169 ];

BP_Vel_a = [303.72559	211.59885	243.70839	227.90729	303.67166	359.56778	260.92697	405.59647	361.79898	313.55664	299.20587	356.24789	329.46121	405.7095	373.68356	403.23212	394.61517	344.87314	353.90375	370.21579	341.21378	332.73621	281.86072	294.63232	280.67001	300.13248	245.67528	296.7029	366.95871	481.05777	458.52539	390.21878	277.59955	413.50797	309.86786	439.63492	322.36212	226.90344	368.66367	163.70952	188.16908	164.04996	199.9193	161.93771	300.54089	281.33621	136.65613	199.5399	102.47157	101.81241	108.24339	95.01915	93.564354	114.76125	103.18472	99.254402	96.563713	101.65278	348.44196	352.96884	354.82703	358.97968	361.11581	348.63458	372.24377	356.74457	206.96327	256.04602	235.72108	338.90851	171.32263	203.23186	271.81363	161.74567	227.5804	260.94186	239.90129	251.16499	270.80753	196.7896	232.54349	298.14258	312.52673	266.15192	258.7744	173.79953	203.28618	158.53209	153.60893	166.62425	186.028	264.13913	130.07088	179.51114	709.7066	679.9831	650.4089	647.0339	556.2825	652.5673	568.3555	564.6859	545.6012	568.3968	614.3022];
BP_mag_a = [10.562955	12.60144	16.728748	14.538853	8.6337748	15.444101	14.122366	11.399766	12.715874	15.586372	13.233426	17.840553	18.5998	19.384436	20.136551	20.921251	24.369318	20.423178	21.948256	20.452917	17.170143	14.055539	17.900927	13.020231	16.360865	16.823009	15.751874	15.93161	14.377696	18.586258	14.415936	11.639853	15.675582	25.579046	14.300308	20.161703	19.827002	21.616121	17.61795	8.3708048	7.2831607	7.0113277	9.0804605	8.1375513	7.3262758	7.9271851	8.7131939	7.981245	5.8328185	5.8449316	6.8994541	7.2284603	5.1313548	7.1471028	4.695744	4.8220229	5.8324966	5.9371538	12.38965	22.362322	20.917088	30.285635	14.157228	16.382893	10.5567	17.149073	12.396425	9.9689198	16.077675	16.66054	14.326827	4.9191704	29.361004	6.9192581	12.76652	27.360554	39.033909	18.470318	23.321068	15.871257	22.911322	11.194216	17.353661	35.952076	23.49648	3.5568509	12.153931	38.504776	43.332638	8.3124571	8.3489132	17.463301	3.0934913	16.137365	39.62056	18.26691	21.16439	16.70737	37.16338	38.69846	13.74841	11.12721	9.13606	13.07298	21.87057];
 
BP_Vel_b = [260.6871	203.77657	209.57092	308.0437	169.79794	286.52869	195.6736	402.32785	303.27341	259.96442	228.18712	228.25587	211.58228	235.91275	281.11087	176.12335	189.31898	206.6122	195.03828	184.44231	213.6584	150.02315	186.26776	199.71812	320.49881	172.55789	201.47173	203.02905	172.66606	263.50348	377.4628	224.7199	149.82231	201.47597	289.84207	320.5575	222.86765	342.45309	178.04576	260.8494	245.73923	199.91899	70.728058	90.699936	104.87378	133.3828	98.678207	87.522614	112.2578	69.599098	46.948959	114.09978	75.469482	46.540478	76.630432	73.497177	71.826485	417.75882	178.45592	183.99788	207.43155	191.32286	225.73488	189.67845	384.53711	247.36469	126.30843	134.88774	160.24005	191.0006	161.13683	133.39981	245.81345	164.68385	187.48044	147.97856	296.26898	182.88124	181.34186	227.68697	199.62848	178.32384	224.73825	202.9254	197.05263	269.00168	163.74382	231.45758	223.9265	201.21979	590.04474	268.06381	624.6884	626.1708	626.1401	681.8334	639.1285	567.7362	551.5308	565.7023	616.6763	611.0674];	
